
1		// load 99   
99		
27		// push 99 onto stack to mark stack stop			
1	 	// load 1
1		
16  		// Y = 1
1		// load 0
0		
14		// X = 0

8		// generate randnum

29		// syscall 

13 			// 11
21
33
11
21
22
13
13
25
20			// 19
11

27                 	// 21 pusha 0
15
27
1
0
14
28
21			//28
46
20
11			// j loop

1  			//32 pusha1
1
27
15
27
1
0
14
28

21
46

20
11				/44


1
99
14
28			//48
12
21
58
10
9
1
20
49


1
10
9
2
50

.1000
30


.1500
27

1
82
9
2

1
97
9
2

1
110
9
2

1
100
9
2

1
111
9
2

1
109
9
2

1
32
9
2

1
78
9
2

1
117
9
2

1
109
9
2

1
58
9
2

1
32
9
2

28
9
1

27

1
10
9
2

1
66
9
2

1
105
9
2

1
110
9
2

1
97
9
2

1
114
9
2

1
121
9
2

1
58
9
2

1
32
9
2

28

30



